TITLE = "EFEP *** Demo imput file: Taylor Bar                        "
VARIABLES= "X"   "Y"   "Z"  

ZONE  F=FEPOINT N=  861 E=  640 ET=BRICK C=CYAN
  2.5000E-01 -2.5000E-01  9.4928E+00
  2.5000E-01 -2.5000E-01  8.9928E+00
  2.5000E-01 -2.5000E-01  8.4928E+00
  2.5000E-01 -2.5000E-01  7.9928E+00
  2.5000E-01 -2.5000E-01  7.4928E+00
  2.5000E-01 -2.5000E-01  6.9928E+00
  2.5000E-01 -2.5000E-01  6.4928E+00
  2.5000E-01 -2.5000E-01  5.9928E+00
  2.5000E-01 -2.5000E-01  5.4928E+00
  2.5000E-01 -2.5000E-01  4.9928E+00
  2.5000E-01 -2.5000E-01  4.4928E+00
  2.5000E-01 -2.5000E-01  3.9928E+00
  2.5000E-01 -2.5000E-01  3.4928E+00
  2.5000E-01 -2.5000E-01  2.9928E+00
  2.5000E-01 -2.5000E-01  2.4928E+00
  2.5000E-01 -2.5000E-01  1.9928E+00
  2.5000E-01 -2.5000E-01  1.4928E+00
  2.5000E-01 -2.5000E-01  9.9276E-01
  2.5000E-01 -2.5000E-01  4.9276E-01
 -2.5000E-01  2.5000E-01  4.9276E-01
 -2.5000E-01  2.5000E-01  9.9276E-01
 -2.5000E-01  2.5000E-01  1.4928E+00
 -2.5000E-01  2.5000E-01  1.9928E+00
 -2.5000E-01  2.5000E-01  2.4928E+00
 -2.5000E-01  2.5000E-01  2.9928E+00
 -2.5000E-01  2.5000E-01  3.4928E+00
 -2.5000E-01  2.5000E-01  3.9928E+00
 -2.5000E-01  2.5000E-01  4.4928E+00
 -2.5000E-01  2.5000E-01  4.9928E+00
 -2.5000E-01  2.5000E-01  5.4928E+00
 -2.5000E-01  2.5000E-01  5.9928E+00
 -2.5000E-01  2.5000E-01  6.4928E+00
 -2.5000E-01  2.5000E-01  6.9928E+00
 -2.5000E-01  2.5000E-01  7.4928E+00
 -2.5000E-01  2.5000E-01  7.9928E+00
 -2.5000E-01  2.5000E-01  8.4928E+00
 -2.5000E-01  2.5000E-01  8.9928E+00
 -2.5000E-01  2.5000E-01  9.4928E+00
 -2.5000E-01  2.5000E-01  0.0000E+00
  2.7756E-17  5.0000E-01  4.9276E-01
  2.7756E-17  5.0000E-01  9.9276E-01
  2.7756E-17  5.0000E-01  1.4928E+00
  2.7756E-17  5.0000E-01  1.9928E+00
  2.7756E-17  5.0000E-01  2.4928E+00
  2.7756E-17  5.0000E-01  2.9928E+00
  2.7756E-17  5.0000E-01  3.4928E+00
  2.7756E-17  5.0000E-01  3.9928E+00
  2.7756E-17  5.0000E-01  4.4928E+00
  2.7756E-17  5.0000E-01  4.9928E+00
  2.7756E-17  5.0000E-01  5.4928E+00
  2.7756E-17  5.0000E-01  5.9928E+00
  2.7756E-17  5.0000E-01  6.4928E+00
  2.7756E-17  5.0000E-01  6.9928E+00
  2.7756E-17  5.0000E-01  7.4928E+00
  2.7756E-17  5.0000E-01  7.9928E+00
  2.7756E-17  5.0000E-01  8.4928E+00
  2.7756E-17  5.0000E-01  8.9928E+00
  2.7756E-17  5.0000E-01  9.4928E+00
  2.7756E-17  5.0000E-01  2.0368E-20
 -2.5000E-01  2.5000E-01  9.9928E+00
  2.7756E-17  5.0000E-01  9.9928E+00
 -5.0000E-01  9.1845E-17  9.9928E+00
 -5.0000E-01  9.1845E-17  4.9276E-01
 -5.0000E-01  9.1845E-17  9.9276E-01
 -5.0000E-01  9.1845E-17  1.4928E+00
 -5.0000E-01  9.1845E-17  1.9928E+00
 -5.0000E-01  9.1845E-17  2.4928E+00
 -5.0000E-01  9.1845E-17  2.9928E+00
 -5.0000E-01  9.1845E-17  3.4928E+00
 -5.0000E-01  9.1845E-17  3.9928E+00
 -5.0000E-01  9.1845E-17  4.4928E+00
 -5.0000E-01  9.1845E-17  4.9928E+00
 -5.0000E-01  9.1845E-17  5.4928E+00
 -5.0000E-01  9.1845E-17  5.9928E+00
 -5.0000E-01  9.1845E-17  6.4928E+00
 -5.0000E-01  9.1845E-17  6.9928E+00
 -5.0000E-01  9.1845E-17  7.4928E+00
 -5.0000E-01  9.1845E-17  7.9928E+00
 -5.0000E-01  9.1845E-17  8.4928E+00
 -5.0000E-01  9.1845E-17  8.9928E+00
 -5.0000E-01  9.1845E-17  9.4928E+00
 -5.0000E-01  9.1845E-17  1.6616E-20
 -2.5000E-01 -2.5000E-01  4.9276E-01
 -2.5000E-01 -2.5000E-01  9.9276E-01
 -2.5000E-01 -2.5000E-01  1.4928E+00
 -2.5000E-01 -2.5000E-01  1.9928E+00
 -2.5000E-01 -2.5000E-01  2.4928E+00
 -2.5000E-01 -2.5000E-01  2.9928E+00
 -2.5000E-01 -2.5000E-01  3.4928E+00
 -2.5000E-01 -2.5000E-01  3.9928E+00
 -2.5000E-01 -2.5000E-01  4.4928E+00
 -2.5000E-01 -2.5000E-01  4.9928E+00
 -2.5000E-01 -2.5000E-01  5.4928E+00
 -2.5000E-01 -2.5000E-01  5.9928E+00
 -2.5000E-01 -2.5000E-01  6.4928E+00
 -2.5000E-01 -2.5000E-01  6.9928E+00
 -2.5000E-01 -2.5000E-01  7.4928E+00
 -2.5000E-01 -2.5000E-01  7.9928E+00
 -2.5000E-01 -2.5000E-01  8.4928E+00
 -2.5000E-01 -2.5000E-01  8.9928E+00
 -2.5000E-01 -2.5000E-01  9.4928E+00
 -5.5511E-17 -5.0000E-01  9.4928E+00
 -5.5511E-17 -5.0000E-01  8.9928E+00
 -5.5511E-17 -5.0000E-01  8.4928E+00
 -5.5511E-17 -5.0000E-01  7.9928E+00
 -5.5511E-17 -5.0000E-01  7.4928E+00
 -5.5511E-17 -5.0000E-01  6.9928E+00
 -5.5511E-17 -5.0000E-01  6.4928E+00
 -5.5511E-17 -5.0000E-01  5.9928E+00
 -5.5511E-17 -5.0000E-01  5.4928E+00
 -5.5511E-17 -5.0000E-01  4.9928E+00
 -5.5511E-17 -5.0000E-01  4.4928E+00
 -5.5511E-17 -5.0000E-01  3.9928E+00
 -5.5511E-17 -5.0000E-01  3.4928E+00
 -5.5511E-17 -5.0000E-01  2.9928E+00
 -5.5511E-17 -5.0000E-01  2.4928E+00
 -5.5511E-17 -5.0000E-01  1.9928E+00
 -5.5511E-17 -5.0000E-01  1.4928E+00
 -5.5511E-17 -5.0000E-01  9.9276E-01
 -5.5511E-17 -5.0000E-01  4.9276E-01
 -2.5000E-01 -2.5000E-01  1.4971E-20
 -5.5511E-17 -5.0000E-01  6.9044E-20
 -5.5511E-17 -5.0000E-01  9.9928E+00
 -2.5000E-01 -2.5000E-01  9.9928E+00
  0.0000E+00  4.1633E-17  9.9928E+00
  2.5000E-01 -2.5000E-01  9.9928E+00
  5.0000E-01  3.0615E-17  9.9928E+00
  2.5000E-01  2.5000E-01  9.9928E+00
  2.5000E-01  2.5000E-01  4.9276E-01
  2.5000E-01  2.5000E-01  9.9276E-01
  2.5000E-01  2.5000E-01  1.4928E+00
  2.5000E-01  2.5000E-01  1.9928E+00
  2.5000E-01  2.5000E-01  2.4928E+00
  2.5000E-01  2.5000E-01  2.9928E+00
  2.5000E-01  2.5000E-01  3.4928E+00
  2.5000E-01  2.5000E-01  3.9928E+00
  2.5000E-01  2.5000E-01  4.4928E+00
  2.5000E-01  2.5000E-01  4.9928E+00
  2.5000E-01  2.5000E-01  5.4928E+00
  2.5000E-01  2.5000E-01  5.9928E+00
  2.5000E-01  2.5000E-01  6.4928E+00
  2.5000E-01  2.5000E-01  6.9928E+00
  2.5000E-01  2.5000E-01  7.4928E+00
  2.5000E-01  2.5000E-01  7.9928E+00
  2.5000E-01  2.5000E-01  8.4928E+00
  2.5000E-01  2.5000E-01  8.9928E+00
  2.5000E-01  2.5000E-01  9.4928E+00
  5.0000E-01  3.0615E-17  4.9276E-01
  5.0000E-01  3.0615E-17  9.9276E-01
  5.0000E-01  3.0615E-17  1.4928E+00
  5.0000E-01  3.0615E-17  1.9928E+00
  5.0000E-01  3.0615E-17  2.4928E+00
  5.0000E-01  3.0615E-17  2.9928E+00
  5.0000E-01  3.0615E-17  3.4928E+00
  5.0000E-01  3.0615E-17  3.9928E+00
  5.0000E-01  3.0615E-17  4.4928E+00
  5.0000E-01  3.0615E-17  4.9928E+00
  5.0000E-01  3.0615E-17  5.4928E+00
  5.0000E-01  3.0615E-17  5.9928E+00
  5.0000E-01  3.0615E-17  6.4928E+00
  5.0000E-01  3.0615E-17  6.9928E+00
  5.0000E-01  3.0615E-17  7.4928E+00
  5.0000E-01  3.0615E-17  7.9928E+00
  5.0000E-01  3.0615E-17  8.4928E+00
  5.0000E-01  3.0615E-17  8.9928E+00
  5.0000E-01  3.0615E-17  9.4928E+00
  2.5000E-01  2.5000E-01  9.4068E-20
  5.0000E-01  3.0615E-17  0.0000E+00
  0.0000E+00  4.1633E-17  0.0000E+00
  2.5000E-01 -2.5000E-01  0.0000E+00
  8.3267E-17  0.0000E+00  4.9276E-01
  2.7756E-17  0.0000E+00  9.9276E-01
  2.7756E-17  0.0000E+00  1.4928E+00
  1.3878E-16  5.5511E-17  1.9928E+00
  2.7756E-17 -5.5511E-17  2.4928E+00
  8.3267E-17  2.7756E-17  2.9928E+00
  2.7756E-17  0.0000E+00  3.4928E+00
  2.7756E-17  0.0000E+00  3.9928E+00
  2.7756E-17  0.0000E+00  4.4928E+00
  2.7756E-17  0.0000E+00  4.9928E+00
  8.3267E-17  0.0000E+00  5.4928E+00
  8.3267E-17  0.0000E+00  5.9928E+00
  8.3267E-17  0.0000E+00  6.4928E+00
  8.3267E-17  0.0000E+00  6.9928E+00
  8.3267E-17  0.0000E+00  7.4928E+00
  2.7756E-17  0.0000E+00  7.9928E+00
  1.3878E-16  5.5511E-17  8.4928E+00
  0.0000E+00  0.0000E+00  8.9928E+00
  2.7756E-17  0.0000E+00  9.4928E+00
 -5.8133E-01 -3.1878E-01  0.0000E+00
 -3.7239E-01 -3.6552E-01  1.4338E-19
 -3.2397E-01 -5.7706E-01  0.0000E+00
 -5.3338E-01 -5.3184E-01  3.2511E-20
  3.6403E-01 -3.5908E-01  9.9928E+00
  5.2840E-01 -5.3046E-01  9.9928E+00
  5.7047E-01 -3.1240E-01  9.9928E+00
  3.1611E-01 -5.7506E-01  9.9928E+00
  3.1172E-01  5.7003E-01  0.0000E+00
  5.6718E-01  3.0995E-01  2.0293E-20
  5.2434E-01  5.2597E-01  7.9684E-20
  3.5927E-01  3.5641E-01  0.0000E+00
 -3.6405E-01  3.5909E-01  9.9928E+00
 -5.2841E-01  5.3045E-01  9.9928E+00
 -5.7048E-01  3.1239E-01  9.9928E+00
 -3.1613E-01  5.7503E-01  9.9928E+00
 -5.3338E-01 -5.3184E-01  9.9928E+00
 -3.2397E-01 -5.7706E-01  9.9928E+00
 -3.7239E-01 -3.6552E-01  9.9928E+00
 -5.8133E-01 -3.1878E-01  9.9928E+00
  3.5927E-01  3.5641E-01  9.9928E+00
  5.2434E-01  5.2597E-01  9.9928E+00
  5.6718E-01  3.0995E-01  9.9928E+00
  3.1172E-01  5.7003E-01  9.9928E+00
 -3.8268E-01 -9.2388E-01  9.4928E+00
 -3.8268E-01 -9.2388E-01  8.9928E+00
 -3.8268E-01 -9.2388E-01  8.4928E+00
 -3.8268E-01 -9.2388E-01  7.9928E+00
 -3.8268E-01 -9.2388E-01  7.4928E+00
 -3.8268E-01 -9.2388E-01  6.9928E+00
 -3.8268E-01 -9.2388E-01  6.4928E+00
 -3.8268E-01 -9.2388E-01  5.9928E+00
 -3.8268E-01 -9.2388E-01  5.4928E+00
 -3.8268E-01 -9.2388E-01  4.9928E+00
 -3.8268E-01 -9.2388E-01  4.4928E+00
 -3.8268E-01 -9.2388E-01  3.9928E+00
 -3.8268E-01 -9.2388E-01  3.4928E+00
 -3.8268E-01 -9.2388E-01  2.9928E+00
 -3.8268E-01 -9.2388E-01  2.4928E+00
 -3.8268E-01 -9.2388E-01  1.9928E+00
 -3.8268E-01 -9.2388E-01  1.4928E+00
 -3.8268E-01 -9.2388E-01  9.9276E-01
 -3.8268E-01 -9.2388E-01  4.9276E-01
 -7.0711E-01 -7.0711E-01  9.4928E+00
 -7.0711E-01 -7.0711E-01  8.9928E+00
 -7.0711E-01 -7.0711E-01  8.4928E+00
 -7.0711E-01 -7.0711E-01  7.9928E+00
 -7.0711E-01 -7.0711E-01  7.4928E+00
 -7.0711E-01 -7.0711E-01  6.9928E+00
 -7.0711E-01 -7.0711E-01  6.4928E+00
 -7.0711E-01 -7.0711E-01  5.9928E+00
 -7.0711E-01 -7.0711E-01  5.4928E+00
 -7.0711E-01 -7.0711E-01  4.9928E+00
 -7.0711E-01 -7.0711E-01  4.4928E+00
 -7.0711E-01 -7.0711E-01  3.9928E+00
 -7.0711E-01 -7.0711E-01  3.4928E+00
 -7.0711E-01 -7.0711E-01  2.9928E+00
 -7.0711E-01 -7.0711E-01  2.4928E+00
 -7.0711E-01 -7.0711E-01  1.9928E+00
 -7.0711E-01 -7.0711E-01  1.4928E+00
 -7.0711E-01 -7.0711E-01  9.9276E-01
 -7.0711E-01 -7.0711E-01  4.9276E-01
 -9.2388E-01 -3.8268E-01  9.4928E+00
 -9.2388E-01 -3.8268E-01  8.9928E+00
 -9.2388E-01 -3.8268E-01  8.4928E+00
 -9.2388E-01 -3.8268E-01  7.9928E+00
 -9.2388E-01 -3.8268E-01  7.4928E+00
 -9.2388E-01 -3.8268E-01  6.9928E+00
 -9.2388E-01 -3.8268E-01  6.4928E+00
 -9.2388E-01 -3.8268E-01  5.9928E+00
 -9.2388E-01 -3.8268E-01  5.4928E+00
 -9.2388E-01 -3.8268E-01  4.9928E+00
 -9.2388E-01 -3.8268E-01  4.4928E+00
 -9.2388E-01 -3.8268E-01  3.9928E+00
 -9.2388E-01 -3.8268E-01  3.4928E+00
 -9.2388E-01 -3.8268E-01  2.9928E+00
 -9.2388E-01 -3.8268E-01  2.4928E+00
 -9.2388E-01 -3.8268E-01  1.9928E+00
 -9.2388E-01 -3.8268E-01  1.4928E+00
 -9.2388E-01 -3.8268E-01  9.9276E-01
 -9.2388E-01 -3.8268E-01  4.9276E-01
  9.2388E-01 -3.8268E-01  9.4928E+00
  9.2388E-01 -3.8268E-01  8.9928E+00
  9.2388E-01 -3.8268E-01  8.4928E+00
  9.2388E-01 -3.8268E-01  7.9928E+00
  9.2388E-01 -3.8268E-01  7.4928E+00
  9.2388E-01 -3.8268E-01  6.9928E+00
  9.2388E-01 -3.8268E-01  6.4928E+00
  9.2388E-01 -3.8268E-01  5.9928E+00
  9.2388E-01 -3.8268E-01  5.4928E+00
  9.2388E-01 -3.8268E-01  4.9928E+00
  9.2388E-01 -3.8268E-01  4.4928E+00
  9.2388E-01 -3.8268E-01  3.9928E+00
  9.2388E-01 -3.8268E-01  3.4928E+00
  9.2388E-01 -3.8268E-01  2.9928E+00
  9.2388E-01 -3.8268E-01  2.4928E+00
  9.2388E-01 -3.8268E-01  1.9928E+00
  9.2388E-01 -3.8268E-01  1.4928E+00
  9.2388E-01 -3.8268E-01  9.9276E-01
  9.2388E-01 -3.8268E-01  4.9276E-01
  7.0711E-01 -7.0711E-01  9.4928E+00
  7.0711E-01 -7.0711E-01  8.9928E+00
  7.0711E-01 -7.0711E-01  8.4928E+00
  7.0711E-01 -7.0711E-01  7.9928E+00
  7.0711E-01 -7.0711E-01  7.4928E+00
  7.0711E-01 -7.0711E-01  6.9928E+00
  7.0711E-01 -7.0711E-01  6.4928E+00
  7.0711E-01 -7.0711E-01  5.9928E+00
  7.0711E-01 -7.0711E-01  5.4928E+00
  7.0711E-01 -7.0711E-01  4.9928E+00
  7.0711E-01 -7.0711E-01  4.4928E+00
  7.0711E-01 -7.0711E-01  3.9928E+00
  7.0711E-01 -7.0711E-01  3.4928E+00
  7.0711E-01 -7.0711E-01  2.9928E+00
  7.0711E-01 -7.0711E-01  2.4928E+00
  7.0711E-01 -7.0711E-01  1.9928E+00
  7.0711E-01 -7.0711E-01  1.4928E+00
  7.0711E-01 -7.0711E-01  9.9276E-01
  7.0711E-01 -7.0711E-01  4.9276E-01
  3.8268E-01 -9.2388E-01  9.4928E+00
  3.8268E-01 -9.2388E-01  8.9928E+00
  3.8268E-01 -9.2388E-01  8.4928E+00
  3.8268E-01 -9.2388E-01  7.9928E+00
  3.8268E-01 -9.2388E-01  7.4928E+00
  3.8268E-01 -9.2388E-01  6.9928E+00
  3.8268E-01 -9.2388E-01  6.4928E+00
  3.8268E-01 -9.2388E-01  5.9928E+00
  3.8268E-01 -9.2388E-01  5.4928E+00
  3.8268E-01 -9.2388E-01  4.9928E+00
  3.8268E-01 -9.2388E-01  4.4928E+00
  3.8268E-01 -9.2388E-01  3.9928E+00
  3.8268E-01 -9.2388E-01  3.4928E+00
  3.8268E-01 -9.2388E-01  2.9928E+00
  3.8268E-01 -9.2388E-01  2.4928E+00
  3.8268E-01 -9.2388E-01  1.9928E+00
  3.8268E-01 -9.2388E-01  1.4928E+00
  3.8268E-01 -9.2388E-01  9.9276E-01
  3.8268E-01 -9.2388E-01  4.9276E-01
  3.8268E-01  9.2388E-01  9.4928E+00
  3.8268E-01  9.2388E-01  8.9928E+00
  3.8268E-01  9.2388E-01  8.4928E+00
  3.8268E-01  9.2388E-01  7.9928E+00
  3.8268E-01  9.2388E-01  7.4928E+00
  3.8268E-01  9.2388E-01  6.9928E+00
  3.8268E-01  9.2388E-01  6.4928E+00
  3.8268E-01  9.2388E-01  5.9928E+00
  3.8268E-01  9.2388E-01  5.4928E+00
  3.8268E-01  9.2388E-01  4.9928E+00
  3.8268E-01  9.2388E-01  4.4928E+00
  3.8268E-01  9.2388E-01  3.9928E+00
  3.8268E-01  9.2388E-01  3.4928E+00
  3.8268E-01  9.2388E-01  2.9928E+00
  3.8268E-01  9.2388E-01  2.4928E+00
  3.8268E-01  9.2388E-01  1.9928E+00
  3.8268E-01  9.2388E-01  1.4928E+00
  3.8268E-01  9.2388E-01  9.9276E-01
  3.8268E-01  9.2388E-01  4.9276E-01
  7.0711E-01  7.0711E-01  9.4928E+00
  7.0711E-01  7.0711E-01  8.9928E+00
  7.0711E-01  7.0711E-01  8.4928E+00
  7.0711E-01  7.0711E-01  7.9928E+00
  7.0711E-01  7.0711E-01  7.4928E+00
  7.0711E-01  7.0711E-01  6.9928E+00
  7.0711E-01  7.0711E-01  6.4928E+00
  7.0711E-01  7.0711E-01  5.9928E+00
  7.0711E-01  7.0711E-01  5.4928E+00
  7.0711E-01  7.0711E-01  4.9928E+00
  7.0711E-01  7.0711E-01  4.4928E+00
  7.0711E-01  7.0711E-01  3.9928E+00
  7.0711E-01  7.0711E-01  3.4928E+00
  7.0711E-01  7.0711E-01  2.9928E+00
  7.0711E-01  7.0711E-01  2.4928E+00
  7.0711E-01  7.0711E-01  1.9928E+00
  7.0711E-01  7.0711E-01  1.4928E+00
  7.0711E-01  7.0711E-01  9.9276E-01
  7.0711E-01  7.0711E-01  4.9276E-01
  9.2388E-01  3.8268E-01  9.4928E+00
  9.2388E-01  3.8268E-01  8.9928E+00
  9.2388E-01  3.8268E-01  8.4928E+00
  9.2388E-01  3.8268E-01  7.9928E+00
  9.2388E-01  3.8268E-01  7.4928E+00
  9.2388E-01  3.8268E-01  6.9928E+00
  9.2388E-01  3.8268E-01  6.4928E+00
  9.2388E-01  3.8268E-01  5.9928E+00
  9.2388E-01  3.8268E-01  5.4928E+00
  9.2388E-01  3.8268E-01  4.9928E+00
  9.2388E-01  3.8268E-01  4.4928E+00
  9.2388E-01  3.8268E-01  3.9928E+00
  9.2388E-01  3.8268E-01  3.4928E+00
  9.2388E-01  3.8268E-01  2.9928E+00
  9.2388E-01  3.8268E-01  2.4928E+00
  9.2388E-01  3.8268E-01  1.9928E+00
  9.2388E-01  3.8268E-01  1.4928E+00
  9.2388E-01  3.8268E-01  9.9276E-01
  9.2388E-01  3.8268E-01  4.9276E-01
 -9.2388E-01  3.8268E-01  9.4928E+00
 -9.2388E-01  3.8268E-01  8.9928E+00
 -9.2388E-01  3.8268E-01  8.4928E+00
 -9.2388E-01  3.8268E-01  7.9928E+00
 -9.2388E-01  3.8268E-01  7.4928E+00
 -9.2388E-01  3.8268E-01  6.9928E+00
 -9.2388E-01  3.8268E-01  6.4928E+00
 -9.2388E-01  3.8268E-01  5.9928E+00
 -9.2388E-01  3.8268E-01  5.4928E+00
 -9.2388E-01  3.8268E-01  4.9928E+00
 -9.2388E-01  3.8268E-01  4.4928E+00
 -9.2388E-01  3.8268E-01  3.9928E+00
 -9.2388E-01  3.8268E-01  3.4928E+00
 -9.2388E-01  3.8268E-01  2.9928E+00
 -9.2388E-01  3.8268E-01  2.4928E+00
 -9.2388E-01  3.8268E-01  1.9928E+00
 -9.2388E-01  3.8268E-01  1.4928E+00
 -9.2388E-01  3.8268E-01  9.9276E-01
 -9.2388E-01  3.8268E-01  4.9276E-01
 -7.0711E-01  7.0711E-01  9.4928E+00
 -7.0711E-01  7.0711E-01  8.9928E+00
 -7.0711E-01  7.0711E-01  8.4928E+00
 -7.0711E-01  7.0711E-01  7.9928E+00
 -7.0711E-01  7.0711E-01  7.4928E+00
 -7.0711E-01  7.0711E-01  6.9928E+00
 -7.0711E-01  7.0711E-01  6.4928E+00
 -7.0711E-01  7.0711E-01  5.9928E+00
 -7.0711E-01  7.0711E-01  5.4928E+00
 -7.0711E-01  7.0711E-01  4.9928E+00
 -7.0711E-01  7.0711E-01  4.4928E+00
 -7.0711E-01  7.0711E-01  3.9928E+00
 -7.0711E-01  7.0711E-01  3.4928E+00
 -7.0711E-01  7.0711E-01  2.9928E+00
 -7.0711E-01  7.0711E-01  2.4928E+00
 -7.0711E-01  7.0711E-01  1.9928E+00
 -7.0711E-01  7.0711E-01  1.4928E+00
 -7.0711E-01  7.0711E-01  9.9276E-01
 -7.0711E-01  7.0711E-01  4.9276E-01
 -3.8268E-01  9.2388E-01  9.4928E+00
 -3.8268E-01  9.2388E-01  8.9928E+00
 -3.8268E-01  9.2388E-01  8.4928E+00
 -3.8268E-01  9.2388E-01  7.9928E+00
 -3.8268E-01  9.2388E-01  7.4928E+00
 -3.8268E-01  9.2388E-01  6.9928E+00
 -3.8268E-01  9.2388E-01  6.4928E+00
 -3.8268E-01  9.2388E-01  5.9928E+00
 -3.8268E-01  9.2388E-01  5.4928E+00
 -3.8268E-01  9.2388E-01  4.9928E+00
 -3.8268E-01  9.2388E-01  4.4928E+00
 -3.8268E-01  9.2388E-01  3.9928E+00
 -3.8268E-01  9.2388E-01  3.4928E+00
 -3.8268E-01  9.2388E-01  2.9928E+00
 -3.8268E-01  9.2388E-01  2.4928E+00
 -3.8268E-01  9.2388E-01  1.9928E+00
 -3.8268E-01  9.2388E-01  1.4928E+00
 -3.8268E-01  9.2388E-01  9.9276E-01
 -3.8268E-01  9.2388E-01  4.9276E-01
 -3.1613E-01  5.7503E-01  0.0000E+00
 -5.7048E-01  3.1239E-01  0.0000E+00
 -5.2841E-01  5.3045E-01  3.5575E-20
 -3.6405E-01  3.5909E-01  0.0000E+00
  3.1611E-01 -5.7506E-01  0.0000E+00
  5.7047E-01 -3.1240E-01  9.2647E-20
  5.2840E-01 -5.3046E-01  9.3732E-20
  3.6403E-01 -3.5908E-01  3.0005E-20
 -1.1102E-16 -1.0000E+00  9.9928E+00
 -9.2388E-01 -3.8268E-01  9.9928E+00
 -7.0711E-01 -7.0711E-01  9.9928E+00
 -3.8268E-01 -9.2388E-01  9.9928E+00
 -1.0000E+00  1.2246E-16  9.9928E+00
  1.0000E+00  0.0000E+00  0.0000E+00
  3.8268E-01 -9.2388E-01  3.6590E-20
  7.0711E-01 -7.0711E-01  0.0000E+00
  9.2388E-01 -3.8268E-01  0.0000E+00
 -1.1102E-16 -1.0000E+00  0.0000E+00
  5.5511E-17  1.0000E+00  9.9928E+00
  9.2388E-01  3.8268E-01  9.9928E+00
  7.0711E-01  7.0711E-01  9.9928E+00
  3.8268E-01  9.2388E-01  9.9928E+00
  1.0000E+00  0.0000E+00  9.9928E+00
 -3.8268E-01  9.2388E-01  1.1786E-19
 -7.0711E-01  7.0711E-01  0.0000E+00
 -9.2388E-01  3.8268E-01  1.3416E-19
 -1.0000E+00  1.2246E-16  0.0000E+00
  5.5511E-17  1.0000E+00  0.0000E+00
 -9.2388E-01 -3.8268E-01  9.7007E-21
 -7.0711E-01 -7.0711E-01  0.0000E+00
 -3.8268E-01 -9.2388E-01  0.0000E+00
 -1.0000E+00  1.2246E-16  4.9276E-01
 -1.0000E+00  1.2246E-16  9.9276E-01
 -1.0000E+00  1.2246E-16  1.4928E+00
 -1.0000E+00  1.2246E-16  1.9928E+00
 -1.0000E+00  1.2246E-16  2.4928E+00
 -1.0000E+00  1.2246E-16  2.9928E+00
 -1.0000E+00  1.2246E-16  3.4928E+00
 -1.0000E+00  1.2246E-16  3.9928E+00
 -1.0000E+00  1.2246E-16  4.4928E+00
 -1.0000E+00  1.2246E-16  4.9928E+00
 -1.0000E+00  1.2246E-16  5.4928E+00
 -1.0000E+00  1.2246E-16  5.9928E+00
 -1.0000E+00  1.2246E-16  6.4928E+00
 -1.0000E+00  1.2246E-16  6.9928E+00
 -1.0000E+00  1.2246E-16  7.4928E+00
 -1.0000E+00  1.2246E-16  7.9928E+00
 -1.0000E+00  1.2246E-16  8.4928E+00
 -1.0000E+00  1.2246E-16  8.9928E+00
 -1.0000E+00  1.2246E-16  9.4928E+00
 -1.1102E-16 -1.0000E+00  4.9276E-01
 -1.1102E-16 -1.0000E+00  9.9276E-01
 -1.1102E-16 -1.0000E+00  1.4928E+00
 -1.1102E-16 -1.0000E+00  1.9928E+00
 -1.1102E-16 -1.0000E+00  2.4928E+00
 -1.1102E-16 -1.0000E+00  2.9928E+00
 -1.1102E-16 -1.0000E+00  3.4928E+00
 -1.1102E-16 -1.0000E+00  3.9928E+00
 -1.1102E-16 -1.0000E+00  4.4928E+00
 -1.1102E-16 -1.0000E+00  4.9928E+00
 -1.1102E-16 -1.0000E+00  5.4928E+00
 -1.1102E-16 -1.0000E+00  5.9928E+00
 -1.1102E-16 -1.0000E+00  6.4928E+00
 -1.1102E-16 -1.0000E+00  6.9928E+00
 -1.1102E-16 -1.0000E+00  7.4928E+00
 -1.1102E-16 -1.0000E+00  7.9928E+00
 -1.1102E-16 -1.0000E+00  8.4928E+00
 -1.1102E-16 -1.0000E+00  8.9928E+00
 -1.1102E-16 -1.0000E+00  9.4928E+00
  3.8268E-01 -9.2388E-01  9.9928E+00
  7.0711E-01 -7.0711E-01  9.9928E+00
  9.2388E-01 -3.8268E-01  9.9928E+00
  1.0000E+00  0.0000E+00  4.9276E-01
  1.0000E+00  0.0000E+00  9.9276E-01
  1.0000E+00  0.0000E+00  1.4928E+00
  1.0000E+00  0.0000E+00  1.9928E+00
  1.0000E+00  0.0000E+00  2.4928E+00
  1.0000E+00  0.0000E+00  2.9928E+00
  1.0000E+00  0.0000E+00  3.4928E+00
  1.0000E+00  0.0000E+00  3.9928E+00
  1.0000E+00  0.0000E+00  4.4928E+00
  1.0000E+00  0.0000E+00  4.9928E+00
  1.0000E+00  0.0000E+00  5.4928E+00
  1.0000E+00  0.0000E+00  5.9928E+00
  1.0000E+00  0.0000E+00  6.4928E+00
  1.0000E+00  0.0000E+00  6.9928E+00
  1.0000E+00  0.0000E+00  7.4928E+00
  1.0000E+00  0.0000E+00  7.9928E+00
  1.0000E+00  0.0000E+00  8.4928E+00
  1.0000E+00  0.0000E+00  8.9928E+00
  1.0000E+00  0.0000E+00  9.4928E+00
  9.2388E-01  3.8268E-01  1.4816E-19
  7.0711E-01  7.0711E-01  0.0000E+00
  3.8268E-01  9.2388E-01  2.2722E-20
  5.5511E-17  1.0000E+00  9.4928E+00
  5.5511E-17  1.0000E+00  8.9928E+00
  5.5511E-17  1.0000E+00  8.4928E+00
  5.5511E-17  1.0000E+00  7.9928E+00
  5.5511E-17  1.0000E+00  7.4928E+00
  5.5511E-17  1.0000E+00  6.9928E+00
  5.5511E-17  1.0000E+00  6.4928E+00
  5.5511E-17  1.0000E+00  5.9928E+00
  5.5511E-17  1.0000E+00  5.4928E+00
  5.5511E-17  1.0000E+00  4.9928E+00
  5.5511E-17  1.0000E+00  4.4928E+00
  5.5511E-17  1.0000E+00  3.9928E+00
  5.5511E-17  1.0000E+00  3.4928E+00
  5.5511E-17  1.0000E+00  2.9928E+00
  5.5511E-17  1.0000E+00  2.4928E+00
  5.5511E-17  1.0000E+00  1.9928E+00
  5.5511E-17  1.0000E+00  1.4928E+00
  5.5511E-17  1.0000E+00  9.9276E-01
  5.5511E-17  1.0000E+00  4.9276E-01
 -3.8268E-01  9.2388E-01  9.9928E+00
 -7.0711E-01  7.0711E-01  9.9928E+00
 -9.2388E-01  3.8268E-01  9.9928E+00
 -3.1613E-01  5.7503E-01  4.9276E-01
 -3.1613E-01  5.7503E-01  9.9276E-01
 -3.1613E-01  5.7503E-01  1.4928E+00
 -3.1613E-01  5.7503E-01  1.9928E+00
 -3.1613E-01  5.7503E-01  2.4928E+00
 -3.1613E-01  5.7503E-01  2.9928E+00
 -3.1613E-01  5.7503E-01  3.4928E+00
 -3.1613E-01  5.7503E-01  3.9928E+00
 -3.1613E-01  5.7503E-01  4.4928E+00
 -3.1613E-01  5.7503E-01  4.9928E+00
 -3.1613E-01  5.7503E-01  5.4928E+00
 -3.1613E-01  5.7503E-01  5.9928E+00
 -3.1613E-01  5.7503E-01  6.4928E+00
 -3.1613E-01  5.7503E-01  6.9928E+00
 -3.1613E-01  5.7503E-01  7.4928E+00
 -3.1613E-01  5.7503E-01  7.9928E+00
 -3.1613E-01  5.7503E-01  8.4928E+00
 -3.1613E-01  5.7503E-01  8.9928E+00
 -3.1613E-01  5.7503E-01  9.4928E+00
 -5.7048E-01  3.1239E-01  4.9276E-01
 -5.7048E-01  3.1239E-01  9.9276E-01
 -5.7048E-01  3.1239E-01  1.4928E+00
 -5.7048E-01  3.1239E-01  1.9928E+00
 -5.7048E-01  3.1239E-01  2.4928E+00
 -5.7048E-01  3.1239E-01  2.9928E+00
 -5.7048E-01  3.1239E-01  3.4928E+00
 -5.7048E-01  3.1239E-01  3.9928E+00
 -5.7048E-01  3.1239E-01  4.4928E+00
 -5.7048E-01  3.1239E-01  4.9928E+00
 -5.7048E-01  3.1239E-01  5.4928E+00
 -5.7048E-01  3.1239E-01  5.9928E+00
 -5.7048E-01  3.1239E-01  6.4928E+00
 -5.7048E-01  3.1239E-01  6.9928E+00
 -5.7048E-01  3.1239E-01  7.4928E+00
 -5.7048E-01  3.1239E-01  7.9928E+00
 -5.7048E-01  3.1239E-01  8.4928E+00
 -5.7048E-01  3.1239E-01  8.9928E+00
 -5.7048E-01  3.1239E-01  9.4928E+00
 -5.2841E-01  5.3045E-01  4.9276E-01
 -5.2841E-01  5.3045E-01  9.9276E-01
 -5.2841E-01  5.3045E-01  1.4928E+00
 -5.2841E-01  5.3045E-01  1.9928E+00
 -5.2841E-01  5.3045E-01  2.4928E+00
 -5.2841E-01  5.3045E-01  2.9928E+00
 -5.2841E-01  5.3045E-01  3.4928E+00
 -5.2841E-01  5.3045E-01  3.9928E+00
 -5.2841E-01  5.3045E-01  4.4928E+00
 -5.2841E-01  5.3045E-01  4.9928E+00
 -5.2841E-01  5.3045E-01  5.4928E+00
 -5.2841E-01  5.3045E-01  5.9928E+00
 -5.2841E-01  5.3045E-01  6.4928E+00
 -5.2841E-01  5.3045E-01  6.9928E+00
 -5.2841E-01  5.3045E-01  7.4928E+00
 -5.2841E-01  5.3045E-01  7.9928E+00
 -5.2841E-01  5.3045E-01  8.4928E+00
 -5.2841E-01  5.3045E-01  8.9928E+00
 -5.2841E-01  5.3045E-01  9.4928E+00
 -3.6405E-01  3.5909E-01  4.9276E-01
 -3.6405E-01  3.5909E-01  9.9276E-01
 -3.6405E-01  3.5909E-01  1.4928E+00
 -3.6405E-01  3.5909E-01  1.9928E+00
 -3.6405E-01  3.5909E-01  2.4928E+00
 -3.6405E-01  3.5909E-01  2.9928E+00
 -3.6405E-01  3.5909E-01  3.4928E+00
 -3.6405E-01  3.5909E-01  3.9928E+00
 -3.6405E-01  3.5909E-01  4.4928E+00
 -3.6405E-01  3.5909E-01  4.9928E+00
 -3.6405E-01  3.5909E-01  5.4928E+00
 -3.6405E-01  3.5909E-01  5.9928E+00
 -3.6405E-01  3.5909E-01  6.4928E+00
 -3.6405E-01  3.5909E-01  6.9928E+00
 -3.6405E-01  3.5909E-01  7.4928E+00
 -3.6405E-01  3.5909E-01  7.9928E+00
 -3.6405E-01  3.5909E-01  8.4928E+00
 -3.6405E-01  3.5909E-01  8.9928E+00
 -3.6405E-01  3.5909E-01  9.4928E+00
  3.5927E-01  3.5641E-01  9.4928E+00
  3.5927E-01  3.5641E-01  8.9928E+00
  3.5927E-01  3.5641E-01  8.4928E+00
  3.5927E-01  3.5641E-01  7.9928E+00
  3.5927E-01  3.5641E-01  7.4928E+00
  3.5927E-01  3.5641E-01  6.9928E+00
  3.5927E-01  3.5641E-01  6.4928E+00
  3.5927E-01  3.5641E-01  5.9928E+00
  3.5927E-01  3.5641E-01  5.4928E+00
  3.5927E-01  3.5641E-01  4.9928E+00
  3.5927E-01  3.5641E-01  4.4928E+00
  3.5927E-01  3.5641E-01  3.9928E+00
  3.5927E-01  3.5641E-01  3.4928E+00
  3.5927E-01  3.5641E-01  2.9928E+00
  3.5927E-01  3.5641E-01  2.4928E+00
  3.5927E-01  3.5641E-01  1.9928E+00
  3.5927E-01  3.5641E-01  1.4928E+00
  3.5927E-01  3.5641E-01  9.9276E-01
  3.5927E-01  3.5641E-01  4.9276E-01
  5.2434E-01  5.2597E-01  9.4928E+00
  5.2434E-01  5.2597E-01  8.9928E+00
  5.2434E-01  5.2597E-01  8.4928E+00
  5.2434E-01  5.2597E-01  7.9928E+00
  5.2434E-01  5.2597E-01  7.4928E+00
  5.2434E-01  5.2597E-01  6.9928E+00
  5.2434E-01  5.2597E-01  6.4928E+00
  5.2434E-01  5.2597E-01  5.9928E+00
  5.2434E-01  5.2597E-01  5.4928E+00
  5.2434E-01  5.2597E-01  4.9928E+00
  5.2434E-01  5.2597E-01  4.4928E+00
  5.2434E-01  5.2597E-01  3.9928E+00
  5.2434E-01  5.2597E-01  3.4928E+00
  5.2434E-01  5.2597E-01  2.9928E+00
  5.2434E-01  5.2597E-01  2.4928E+00
  5.2434E-01  5.2597E-01  1.9928E+00
  5.2434E-01  5.2597E-01  1.4928E+00
  5.2434E-01  5.2597E-01  9.9276E-01
  5.2434E-01  5.2597E-01  4.9276E-01
  5.6718E-01  3.0995E-01  9.4928E+00
  5.6718E-01  3.0995E-01  8.9928E+00
  5.6718E-01  3.0995E-01  8.4928E+00
  5.6718E-01  3.0995E-01  7.9928E+00
  5.6718E-01  3.0995E-01  7.4928E+00
  5.6718E-01  3.0995E-01  6.9928E+00
  5.6718E-01  3.0995E-01  6.4928E+00
  5.6718E-01  3.0995E-01  5.9928E+00
  5.6718E-01  3.0995E-01  5.4928E+00
  5.6718E-01  3.0995E-01  4.9928E+00
  5.6718E-01  3.0995E-01  4.4928E+00
  5.6718E-01  3.0995E-01  3.9928E+00
  5.6718E-01  3.0995E-01  3.4928E+00
  5.6718E-01  3.0995E-01  2.9928E+00
  5.6718E-01  3.0995E-01  2.4928E+00
  5.6718E-01  3.0995E-01  1.9928E+00
  5.6718E-01  3.0995E-01  1.4928E+00
  5.6718E-01  3.0995E-01  9.9276E-01
  5.6718E-01  3.0995E-01  4.9276E-01
  3.1172E-01  5.7003E-01  9.4928E+00
  3.1172E-01  5.7003E-01  8.9928E+00
  3.1172E-01  5.7003E-01  8.4928E+00
  3.1172E-01  5.7003E-01  7.9928E+00
  3.1172E-01  5.7003E-01  7.4928E+00
  3.1172E-01  5.7003E-01  6.9928E+00
  3.1172E-01  5.7003E-01  6.4928E+00
  3.1172E-01  5.7003E-01  5.9928E+00
  3.1172E-01  5.7003E-01  5.4928E+00
  3.1172E-01  5.7003E-01  4.9928E+00
  3.1172E-01  5.7003E-01  4.4928E+00
  3.1172E-01  5.7003E-01  3.9928E+00
  3.1172E-01  5.7003E-01  3.4928E+00
  3.1172E-01  5.7003E-01  2.9928E+00
  3.1172E-01  5.7003E-01  2.4928E+00
  3.1172E-01  5.7003E-01  1.9928E+00
  3.1172E-01  5.7003E-01  1.4928E+00
  3.1172E-01  5.7003E-01  9.9276E-01
  3.1172E-01  5.7003E-01  4.9276E-01
  3.1611E-01 -5.7506E-01  4.9276E-01
  3.1611E-01 -5.7506E-01  9.9276E-01
  3.1611E-01 -5.7506E-01  1.4928E+00
  3.1611E-01 -5.7506E-01  1.9928E+00
  3.1611E-01 -5.7506E-01  2.4928E+00
  3.1611E-01 -5.7506E-01  2.9928E+00
  3.1611E-01 -5.7506E-01  3.4928E+00
  3.1611E-01 -5.7506E-01  3.9928E+00
  3.1611E-01 -5.7506E-01  4.4928E+00
  3.1611E-01 -5.7506E-01  4.9928E+00
  3.1611E-01 -5.7506E-01  5.4928E+00
  3.1611E-01 -5.7506E-01  5.9928E+00
  3.1611E-01 -5.7506E-01  6.4928E+00
  3.1611E-01 -5.7506E-01  6.9928E+00
  3.1611E-01 -5.7506E-01  7.4928E+00
  3.1611E-01 -5.7506E-01  7.9928E+00
  3.1611E-01 -5.7506E-01  8.4928E+00
  3.1611E-01 -5.7506E-01  8.9928E+00
  3.1611E-01 -5.7506E-01  9.4928E+00
  5.7047E-01 -3.1240E-01  4.9276E-01
  5.7047E-01 -3.1240E-01  9.9276E-01
  5.7047E-01 -3.1240E-01  1.4928E+00
  5.7047E-01 -3.1240E-01  1.9928E+00
  5.7047E-01 -3.1240E-01  2.4928E+00
  5.7047E-01 -3.1240E-01  2.9928E+00
  5.7047E-01 -3.1240E-01  3.4928E+00
  5.7047E-01 -3.1240E-01  3.9928E+00
  5.7047E-01 -3.1240E-01  4.4928E+00
  5.7047E-01 -3.1240E-01  4.9928E+00
  5.7047E-01 -3.1240E-01  5.4928E+00
  5.7047E-01 -3.1240E-01  5.9928E+00
  5.7047E-01 -3.1240E-01  6.4928E+00
  5.7047E-01 -3.1240E-01  6.9928E+00
  5.7047E-01 -3.1240E-01  7.4928E+00
  5.7047E-01 -3.1240E-01  7.9928E+00
  5.7047E-01 -3.1240E-01  8.4928E+00
  5.7047E-01 -3.1240E-01  8.9928E+00
  5.7047E-01 -3.1240E-01  9.4928E+00
  5.2840E-01 -5.3046E-01  4.9276E-01
  5.2840E-01 -5.3046E-01  9.9276E-01
  5.2840E-01 -5.3046E-01  1.4928E+00
  5.2840E-01 -5.3046E-01  1.9928E+00
  5.2840E-01 -5.3046E-01  2.4928E+00
  5.2840E-01 -5.3046E-01  2.9928E+00
  5.2840E-01 -5.3046E-01  3.4928E+00
  5.2840E-01 -5.3046E-01  3.9928E+00
  5.2840E-01 -5.3046E-01  4.4928E+00
  5.2840E-01 -5.3046E-01  4.9928E+00
  5.2840E-01 -5.3046E-01  5.4928E+00
  5.2840E-01 -5.3046E-01  5.9928E+00
  5.2840E-01 -5.3046E-01  6.4928E+00
  5.2840E-01 -5.3046E-01  6.9928E+00
  5.2840E-01 -5.3046E-01  7.4928E+00
  5.2840E-01 -5.3046E-01  7.9928E+00
  5.2840E-01 -5.3046E-01  8.4928E+00
  5.2840E-01 -5.3046E-01  8.9928E+00
  5.2840E-01 -5.3046E-01  9.4928E+00
  3.6403E-01 -3.5908E-01  4.9276E-01
  3.6403E-01 -3.5908E-01  9.9276E-01
  3.6403E-01 -3.5908E-01  1.4928E+00
  3.6403E-01 -3.5908E-01  1.9928E+00
  3.6403E-01 -3.5908E-01  2.4928E+00
  3.6403E-01 -3.5908E-01  2.9928E+00
  3.6403E-01 -3.5908E-01  3.4928E+00
  3.6403E-01 -3.5908E-01  3.9928E+00
  3.6403E-01 -3.5908E-01  4.4928E+00
  3.6403E-01 -3.5908E-01  4.9928E+00
  3.6403E-01 -3.5908E-01  5.4928E+00
  3.6403E-01 -3.5908E-01  5.9928E+00
  3.6403E-01 -3.5908E-01  6.4928E+00
  3.6403E-01 -3.5908E-01  6.9928E+00
  3.6403E-01 -3.5908E-01  7.4928E+00
  3.6403E-01 -3.5908E-01  7.9928E+00
  3.6403E-01 -3.5908E-01  8.4928E+00
  3.6403E-01 -3.5908E-01  8.9928E+00
  3.6403E-01 -3.5908E-01  9.4928E+00
 -5.3338E-01 -5.3184E-01  9.4928E+00
 -5.3338E-01 -5.3184E-01  8.9928E+00
 -5.3338E-01 -5.3184E-01  8.4928E+00
 -5.3338E-01 -5.3184E-01  7.9928E+00
 -5.3338E-01 -5.3184E-01  7.4928E+00
 -5.3338E-01 -5.3184E-01  6.9928E+00
 -5.3338E-01 -5.3184E-01  6.4928E+00
 -5.3338E-01 -5.3184E-01  5.9928E+00
 -5.3338E-01 -5.3184E-01  5.4928E+00
 -5.3338E-01 -5.3184E-01  4.9928E+00
 -5.3338E-01 -5.3184E-01  4.4928E+00
 -5.3338E-01 -5.3184E-01  3.9928E+00
 -5.3338E-01 -5.3184E-01  3.4928E+00
 -5.3338E-01 -5.3184E-01  2.9928E+00
 -5.3338E-01 -5.3184E-01  2.4928E+00
 -5.3338E-01 -5.3184E-01  1.9928E+00
 -5.3338E-01 -5.3184E-01  1.4928E+00
 -5.3338E-01 -5.3184E-01  9.9276E-01
 -5.3338E-01 -5.3184E-01  4.9276E-01
 -3.2397E-01 -5.7706E-01  9.4928E+00
 -3.2397E-01 -5.7706E-01  8.9928E+00
 -3.2397E-01 -5.7706E-01  8.4928E+00
 -3.2397E-01 -5.7706E-01  7.9928E+00
 -3.2397E-01 -5.7706E-01  7.4928E+00
 -3.2397E-01 -5.7706E-01  6.9928E+00
 -3.2397E-01 -5.7706E-01  6.4928E+00
 -3.2397E-01 -5.7706E-01  5.9928E+00
 -3.2397E-01 -5.7706E-01  5.4928E+00
 -3.2397E-01 -5.7706E-01  4.9928E+00
 -3.2397E-01 -5.7706E-01  4.4928E+00
 -3.2397E-01 -5.7706E-01  3.9928E+00
 -3.2397E-01 -5.7706E-01  3.4928E+00
 -3.2397E-01 -5.7706E-01  2.9928E+00
 -3.2397E-01 -5.7706E-01  2.4928E+00
 -3.2397E-01 -5.7706E-01  1.9928E+00
 -3.2397E-01 -5.7706E-01  1.4928E+00
 -3.2397E-01 -5.7706E-01  9.9276E-01
 -3.2397E-01 -5.7706E-01  4.9276E-01
 -3.7239E-01 -3.6552E-01  9.4928E+00
 -3.7239E-01 -3.6552E-01  8.9928E+00
 -3.7239E-01 -3.6552E-01  8.4928E+00
 -3.7239E-01 -3.6552E-01  7.9928E+00
 -3.7239E-01 -3.6552E-01  7.4928E+00
 -3.7239E-01 -3.6552E-01  6.9928E+00
 -3.7239E-01 -3.6552E-01  6.4928E+00
 -3.7239E-01 -3.6552E-01  5.9928E+00
 -3.7239E-01 -3.6552E-01  5.4928E+00
 -3.7239E-01 -3.6552E-01  4.9928E+00
 -3.7239E-01 -3.6552E-01  4.4928E+00
 -3.7239E-01 -3.6552E-01  3.9928E+00
 -3.7239E-01 -3.6552E-01  3.4928E+00
 -3.7239E-01 -3.6552E-01  2.9928E+00
 -3.7239E-01 -3.6552E-01  2.4928E+00
 -3.7239E-01 -3.6552E-01  1.9928E+00
 -3.7239E-01 -3.6552E-01  1.4928E+00
 -3.7239E-01 -3.6552E-01  9.9276E-01
 -3.7239E-01 -3.6552E-01  4.9276E-01
 -5.8133E-01 -3.1878E-01  9.4928E+00
 -5.8133E-01 -3.1878E-01  8.9928E+00
 -5.8133E-01 -3.1878E-01  8.4928E+00
 -5.8133E-01 -3.1878E-01  7.9928E+00
 -5.8133E-01 -3.1878E-01  7.4928E+00
 -5.8133E-01 -3.1878E-01  6.9928E+00
 -5.8133E-01 -3.1878E-01  6.4928E+00
 -5.8133E-01 -3.1878E-01  5.9928E+00
 -5.8133E-01 -3.1878E-01  5.4928E+00
 -5.8133E-01 -3.1878E-01  4.9928E+00
 -5.8133E-01 -3.1878E-01  4.4928E+00
 -5.8133E-01 -3.1878E-01  3.9928E+00
 -5.8133E-01 -3.1878E-01  3.4928E+00
 -5.8133E-01 -3.1878E-01  2.9928E+00
 -5.8133E-01 -3.1878E-01  2.4928E+00
 -5.8133E-01 -3.1878E-01  1.9928E+00
 -5.8133E-01 -3.1878E-01  1.4928E+00
 -5.8133E-01 -3.1878E-01  9.9276E-01
 -5.8133E-01 -3.1878E-01  4.9276E-01
     40     20     39     59    129    171    169    167
    129    171    169    167    148     19    170    168
     41     21     20     40    130    172    171    129
    130    172    171    129    149     18     19    148
     42     22     21     41    131    173    172    130
    131    173    172    130    150     17     18    149
     43     23     22     42    132    174    173    131
    132    174    173    131    151     16     17    150
     44     24     23     43    133    175    174    132
    133    175    174    132    152     15     16    151
     45     25     24     44    134    176    175    133
    134    176    175    133    153     14     15    152
     46     26     25     45    135    177    176    134
    135    177    176    134    154     13     14    153
     47     27     26     46    136    178    177    135
    136    178    177    135    155     12     13    154
     48     28     27     47    137    179    178    136
    137    179    178    136    156     11     12    155
     49     29     28     48    138    180    179    137
    138    180    179    137    157     10     11    156
     50     30     29     49    139    181    180    138
    139    181    180    138    158      9     10    157
     51     31     30     50    140    182    181    139
    140    182    181    139    159      8      9    158
     52     32     31     51    141    183    182    140
    141    183    182    140    160      7      8    159
     53     33     32     52    142    184    183    141
    142    184    183    141    161      6      7    160
     54     34     33     53    143    185    184    142
    143    185    184    142    162      5      6    161
     55     35     34     54    144    186    185    143
    144    186    185    143    163      4      5    162
     56     36     35     55    145    187    186    144
    145    187    186    144    164      3      4    163
     57     37     36     56    146    188    187    145
    146    188    187    145    165      2      3    164
     58     38     37     57    147    189    188    146
    147    189    188    146    166      1      2    165
     61     60     38     58    128    125    189    147
    128    125    189    147    127    126      1    166
     20     63     82     39    171     83    121    169
    171     83    121    169     19    120    122    170
     21     64     63     20    172     84     83    171
    172     84     83    171     18    119    120     19
     22     65     64     21    173     85     84    172
    173     85     84    172     17    118    119     18
     23     66     65     22    174     86     85    173
    174     86     85    173     16    117    118     17
     24     67     66     23    175     87     86    174
    175     87     86    174     15    116    117     16
     25     68     67     24    176     88     87    175
    176     88     87    175     14    115    116     15
     26     69     68     25    177     89     88    176
    177     89     88    176     13    114    115     14
     27     70     69     26    178     90     89    177
    178     90     89    177     12    113    114     13
     28     71     70     27    179     91     90    178
    179     91     90    178     11    112    113     12
     29     72     71     28    180     92     91    179
    180     92     91    179     10    111    112     11
     30     73     72     29    181     93     92    180
    181     93     92    180      9    110    111     10
     31     74     73     30    182     94     93    181
    182     94     93    181      8    109    110      9
     32     75     74     31    183     95     94    182
    183     95     94    182      7    108    109      8
     33     76     75     32    184     96     95    183
    184     96     95    183      6    107    108      7
     34     77     76     33    185     97     96    184
    185     97     96    184      5    106    107      6
     35     78     77     34    186     98     97    185
    186     98     97    185      4    105    106      5
     36     79     78     35    187     99     98    186
    187     99     98    186      3    104    105      4
     37     80     79     36    188    100     99    187
    188    100     99    187      2    103    104      3
     38     81     80     37    189    101    100    188
    189    101    100    188      1    102    103      2
     60     62     81     38    125    124    101    189
    125    124    101    189    126    123    102      1
    443    445    442    444    577    615    558    596
    577    615    558    596    578    616    559    597
    578    616    559    597    579    617    560    598
    579    617    560    598    580    618    561    599
    580    618    561    599    581    619    562    600
    581    619    562    600    582    620    563    601
    582    620    563    601    583    621    564    602
    583    621    564    602    584    622    565    603
    584    622    565    603    585    623    566    604
    585    623    566    604    586    624    567    605
    586    624    567    605    587    625    568    606
    587    625    568    606    588    626    569    607
    588    626    569    607    589    627    570    608
    589    627    570    608    590    628    571    609
    590    628    571    609    591    629    572    610
    591    629    572    610    592    630    573    611
    592    630    573    611    593    631    574    612
    593    631    574    612    594    632    575    613
    594    632    575    613    595    633    576    614
    595    633    576    614    204    202    205    203
    443     82     39    445    577     63     20    615
    577     63     20    615    578     64     21    616
    578     64     21    616    579     65     22    617
    579     65     22    617    580     66     23    618
    580     66     23    618    581     67     24    619
    581     67     24    619    582     68     25    620
    582     68     25    620    583     69     26    621
    583     69     26    621    584     70     27    622
    584     70     27    622    585     71     28    623
    585     71     28    623    586     72     29    624
    586     72     29    624    587     73     30    625
    587     73     30    625    588     74     31    626
    588     74     31    626    589     75     32    627
    589     75     32    627    590     76     33    628
    590     76     33    628    591     77     34    629
    591     77     34    629    592     78     35    630
    592     78     35    630    593     79     36    631
    593     79     36    631    594     80     37    632
    594     80     37    632    595     81     38    633
    595     81     38    633    204     62     60    202
    445     39     59    442    615     20     40    558
    615     20     40    558    616     21     41    559
    616     21     41    559    617     22     42    560
    617     22     42    560    618     23     43    561
    618     23     43    561    619     24     44    562
    619     24     44    562    620     25     45    563
    620     25     45    563    621     26     46    564
    621     26     46    564    622     27     47    565
    622     27     47    565    623     28     48    566
    623     28     48    566    624     29     49    567
    624     29     49    567    625     30     50    568
    625     30     50    568    626     31     51    569
    626     31     51    569    627     32     52    570
    627     32     52    570    628     33     53    571
    628     33     53    571    629     34     54    572
    629     34     54    572    630     35     55    573
    630     35     55    573    631     36     56    574
    631     36     56    574    632     37     57    575
    632     37     57    575    633     38     58    576
    633     38     58    576    202     60     61    205
    443    467    468     82    577    403    473     63
    577    403    473     63    578    402    474     64
    578    402    474     64    579    401    475     65
    579    401    475     65    580    400    476     66
    580    400    476     66    581    399    477     67
    581    399    477     67    582    398    478     68
    582    398    478     68    583    397    479     69
    583    397    479     69    584    396    480     70
    584    396    480     70    585    395    481     71
    585    395    481     71    586    394    482     72
    586    394    482     72    587    393    483     73
    587    393    483     73    588    392    484     74
    588    392    484     74    589    391    485     75
    589    391    485     75    590    390    486     76
    590    390    486     76    591    389    487     77
    591    389    487     77    592    388    488     78
    592    388    488     78    593    387    489     79
    593    387    489     79    594    386    490     80
    594    386    490     80    595    385    491     81
    595    385    491     81    204    557    454     62
    467    443    444    466    403    577    596    422
    403    577    596    422    402    578    597    421
    402    578    597    421    401    579    598    420
    401    579    598    420    400    580    599    419
    400    580    599    419    399    581    600    418
    399    581    600    418    398    582    601    417
    398    582    601    417    397    583    602    416
    397    583    602    416    396    584    603    415
    396    584    603    415    395    585    604    414
    395    585    604    414    394    586    605    413
    394    586    605    413    393    587    606    412
    393    587    606    412    392    588    607    411
    392    588    607    411    391    589    608    410
    391    589    608    410    390    590    609    409
    390    590    609    409    389    591    610    408
    389    591    610    408    388    592    611    407
    388    592    611    407    387    593    612    406
    387    593    612    406    386    594    613    405
    386    594    613    405    385    595    614    404
    385    595    614    404    557    204    203    556
    442     59    469    465    558     40    554    441
    558     40    554    441    559     41    553    440
    559     41    553    440    560     42    552    439
    560     42    552    439    561     43    551    438
    561     43    551    438    562     44    550    437
    562     44    550    437    563     45    549    436
    563     45    549    436    564     46    548    435
    564     46    548    435    565     47    547    434
    565     47    547    434    566     48    546    433
    566     48    546    433    567     49    545    432
    567     49    545    432    568     50    544    431
    568     50    544    431    569     51    543    430
    569     51    543    430    570     52    542    429
    570     52    542    429    571     53    541    428
    571     53    541    428    572     54    540    427
    572     54    540    427    573     55    539    426
    573     55    539    426    574     56    538    425
    574     56    538    425    575     57    537    424
    575     57    537    424    576     58    536    423
    576     58    536    423    205     61    460    555
    444    442    465    466    596    558    441    422
    596    558    441    422    597    559    440    421
    597    559    440    421    598    560    439    420
    598    560    439    420    599    561    438    419
    599    561    438    419    600    562    437    418
    600    562    437    418    601    563    436    417
    601    563    436    417    602    564    435    416
    602    564    435    416    603    565    434    415
    603    565    434    415    604    566    433    414
    604    566    433    414    605    567    432    413
    605    567    432    413    606    568    431    412
    606    568    431    412    607    569    430    411
    607    569    430    411    608    570    429    410
    608    570    429    410    609    571    428    409
    609    571    428    409    610    572    427    408
    610    572    427    408    611    573    426    407
    611    573    426    407    612    574    425    406
    612    574    425    406    613    575    424    405
    613    575    424    405    614    576    423    404
    614    576    423    404    203    205    555    556
    212    210    213    211    672    634    691    653
    672    634    691    653    673    635    692    654
    673    635    692    654    674    636    693    655
    674    636    693    655    675    637    694    656
    675    637    694    656    676    638    695    657
    676    638    695    657    677    639    696    658
    677    639    696    658    678    640    697    659
    678    640    697    659    679    641    698    660
    679    641    698    660    680    642    699    661
    680    642    699    661    681    643    700    662
    681    643    700    662    682    644    701    663
    682    644    701    663    683    645    702    664
    683    645    702    664    684    646    703    665
    684    646    703    665    685    647    704    666
    685    647    704    666    686    648    705    667
    686    648    705    667    687    649    706    668
    687    649    706    668    688    650    707    669
    688    650    707    669    689    651    708    670
    689    651    708    670    690    652    709    671
    690    652    709    671    199    201    198    200
    212    127    128    210    672    166    147    634
    672    166    147    634    673    165    146    635
    673    165    146    635    674    164    145    636
    674    164    145    636    675    163    144    637
    675    163    144    637    676    162    143    638
    676    162    143    638    677    161    142    639
    677    161    142    639    678    160    141    640
    678    160    141    640    679    159    140    641
    679    159    140    641    680    158    139    642
    680    158    139    642    681    157    138    643
    681    157    138    643    682    156    137    644
    682    156    137    644    683    155    136    645
    683    155    136    645    684    154    135    646
    684    154    135    646    685    153    134    647
    685    153    134    647    686    152    133    648
    686    152    133    648    687    151    132    649
    687    151    132    649    688    150    131    650
    688    150    131    650    689    149    130    651
    689    149    130    651    690    148    129    652
    690    148    129    652    199    168    167    201
    210    128     61    213    634    147     58    691
    634    147     58    691    635    146     57    692
    635    146     57    692    636    145     56    693
    636    145     56    693    637    144     55    694
    637    144     55    694    638    143     54    695
    638    143     54    695    639    142     53    696
    639    142     53    696    640    141     52    697
    640    141     52    697    641    140     51    698
    641    140     51    698    642    139     50    699
    642    139     50    699    643    138     49    700
    643    138     49    700    644    137     48    701
    644    137     48    701    645    136     47    702
    645    136     47    702    646    135     46    703
    646    135     46    703    647    134     45    704
    647    134     45    704    648    133     44    705
    648    133     44    705    649    132     43    706
    649    132     43    706    650    131     42    707
    650    131     42    707    651    130     41    708
    651    130     41    708    652    129     40    709
    652    129     40    709    201    167     59    198
    212    461    464    127    672    366    532    166
    672    366    532    166    673    367    531    165
    673    367    531    165    674    368    530    164
    674    368    530    164    675    369    529    163
    675    369    529    163    676    370    528    162
    676    370    528    162    677    371    527    161
    677    371    527    161    678    372    526    160
    678    372    526    160    679    373    525    159
    679    373    525    159    680    374    524    158
    680    374    524    158    681    375    523    157
    681    375    523    157    682    376    522    156
    682    376    522    156    683    377    521    155
    683    377    521    155    684    378    520    154
    684    378    520    154    685    379    519    153
    685    379    519    153    686    380    518    152
    686    380    518    152    687    381    517    151
    687    381    517    151    688    382    516    150
    688    382    516    150    689    383    515    149
    689    383    515    149    690    384    514    148
    690    384    514    148    199    533    455    168
    461    212    211    462    366    672    653    347
    366    672    653    347    367    673    654    348
    367    673    654    348    368    674    655    349
    368    674    655    349    369    675    656    350
    369    675    656    350    370    676    657    351
    370    676    657    351    371    677    658    352
    371    677    658    352    372    678    659    353
    372    678    659    353    373    679    660    354
    373    679    660    354    374    680    661    355
    374    680    661    355    375    681    662    356
    375    681    662    356    376    682    663    357
    376    682    663    357    377    683    664    358
    377    683    664    358    378    684    665    359
    378    684    665    359    379    685    666    360
    379    685    666    360    380    686    667    361
    380    686    667    361    381    687    668    362
    381    687    668    362    382    688    669    363
    382    688    669    363    383    689    670    364
    383    689    670    364    384    690    671    365
    384    690    671    365    533    199    200    534
    462    211    213    463    347    653    691    328
    347    653    691    328    348    654    692    329
    348    654    692    329    349    655    693    330
    349    655    693    330    350    656    694    331
    350    656    694    331    351    657    695    332
    351    657    695    332    352    658    696    333
    352    658    696    333    353    659    697    334
    353    659    697    334    354    660    698    335
    354    660    698    335    355    661    699    336
    355    661    699    336    356    662    700    337
    356    662    700    337    357    663    701    338
    357    663    701    338    358    664    702    339
    358    664    702    339    359    665    703    340
    359    665    703    340    360    666    704    341
    360    666    704    341    361    667    705    342
    361    667    705    342    362    668    706    343
    362    668    706    343    363    669    707    344
    363    669    707    344    364    670    708    345
    364    670    708    345    365    671    709    346
    365    671    709    346    534    200    198    535
    213     61    460    463    691     58    536    328
    691     58    536    328    692     57    537    329
    692     57    537    329    693     56    538    330
    693     56    538    330    694     55    539    331
    694     55    539    331    695     54    540    332
    695     54    540    332    696     53    541    333
    696     53    541    333    697     52    542    334
    697     52    542    334    698     51    543    335
    698     51    543    335    699     50    544    336
    699     50    544    336    700     49    545    337
    700     49    545    337    701     48    546    338
    701     48    546    338    702     47    547    339
    702     47    547    339    703     46    548    340
    703     46    548    340    704     45    549    341
    704     45    549    341    705     44    550    342
    705     44    550    342    706     43    551    343
    706     43    551    343    707     42    552    344
    707     42    552    344    708     41    553    345
    708     41    553    345    709     40    554    346
    709     40    554    346    198     59    469    535
    447    449    446    448    729    767    710    748
    729    767    710    748    730    768    711    749
    730    768    711    749    731    769    712    750
    731    769    712    750    732    770    713    751
    732    770    713    751    733    771    714    752
    733    771    714    752    734    772    715    753
    734    772    715    753    735    773    716    754
    735    773    716    754    736    774    717    755
    736    774    717    755    737    775    718    756
    737    775    718    756    738    776    719    757
    738    776    719    757    739    777    720    758
    739    777    720    758    740    778    721    759
    740    778    721    759    741    779    722    760
    741    779    722    760    742    780    723    761
    742    780    723    761    743    781    724    762
    743    781    724    762    744    782    725    763
    744    782    725    763    745    783    726    764
    745    783    726    764    746    784    727    765
    746    784    727    765    747    785    728    766
    747    785    728    766    196    194    197    195
    447    168    170    449    729    148     19    767
    729    148     19    767    730    149     18    768
    730    149     18    768    731    150     17    769
    731    150     17    769    732    151     16    770
    732    151     16    770    733    152     15    771
    733    152     15    771    734    153     14    772
    734    153     14    772    735    154     13    773
    735    154     13    773    736    155     12    774
    736    155     12    774    737    156     11    775
    737    156     11    775    738    157     10    776
    738    157     10    776    739    158      9    777
    739    158      9    777    740    159      8    778
    740    159      8    778    741    160      7    779
    741    160      7    779    742    161      6    780
    742    161      6    780    743    162      5    781
    743    162      5    781    744    163      4    782
    744    163      4    782    745    164      3    783
    745    164      3    783    746    165      2    784
    746    165      2    784    747    166      1    785
    747    166      1    785    196    127    126    194
    449    170    122    446    767     19    120    710
    767     19    120    710    768     18    119    711
    768     18    119    711    769     17    118    712
    769     17    118    712    770     16    117    713
    770     16    117    713    771     15    116    714
    771     15    116    714    772     14    115    715
    772     14    115    715    773     13    114    716
    773     13    114    716    774     12    113    717
    774     12    113    717    775     11    112    718
    775     11    112    718    776     10    111    719
    776     10    111    719    777      9    110    720
    777      9    110    720    778      8    109    721
    778      8    109    721    779      7    108    722
    779      7    108    722    780      6    107    723
    780      6    107    723    781      5    106    724
    781      5    106    724    782      4    105    725
    782      4    105    725    783      3    104    726
    783      3    104    726    784      2    103    727
    784      2    103    727    785      1    102    728
    785      1    102    728    194    126    123    197
    447    458    455    168    729    289    514    148
    729    289    514    148    730    288    515    149
    730    288    515    149    731    287    516    150
    731    287    516    150    732    286    517    151
    732    286    517    151    733    285    518    152
    733    285    518    152    734    284    519    153
    734    284    519    153    735    283    520    154
    735    283    520    154    736    282    521    155
    736    282    521    155    737    281    522    156
    737    281    522    156    738    280    523    157
    738    280    523    157    739    279    524    158
    739    279    524    158    740    278    525    159
    740    278    525    159    741    277    526    160
    741    277    526    160    742    276    527    161
    742    276    527    161    743    275    528    162
    743    275    528    162    744    274    529    163
    744    274    529    163    745    273    530    164
    745    273    530    164    746    272    531    165
    746    272    531    165    747    271    532    166
    747    271    532    166    196    513    464    127
    458    447    448    457    289    729    748    308
    289    729    748    308    288    730    749    307
    288    730    749    307    287    731    750    306
    287    731    750    306    286    732    751    305
    286    732    751    305    285    733    752    304
    285    733    752    304    284    734    753    303
    284    734    753    303    283    735    754    302
    283    735    754    302    282    736    755    301
    282    736    755    301    281    737    756    300
    281    737    756    300    280    738    757    299
    280    738    757    299    279    739    758    298
    279    739    758    298    278    740    759    297
    278    740    759    297    277    741    760    296
    277    741    760    296    276    742    761    295
    276    742    761    295    275    743    762    294
    275    743    762    294    274    744    763    293
    274    744    763    293    273    745    764    292
    273    745    764    292    272    746    765    291
    272    746    765    291    271    747    766    290
    271    747    766    290    513    196    195    512
    446    122    459    456    710    120    492    327
    710    120    492    327    711    119    493    326
    711    119    493    326    712    118    494    325
    712    118    494    325    713    117    495    324
    713    117    495    324    714    116    496    323
    714    116    496    323    715    115    497    322
    715    115    497    322    716    114    498    321
    716    114    498    321    717    113    499    320
    717    113    499    320    718    112    500    319
    718    112    500    319    719    111    501    318
    719    111    501    318    720    110    502    317
    720    110    502    317    721    109    503    316
    721    109    503    316    722    108    504    315
    722    108    504    315    723    107    505    314
    723    107    505    314    724    106    506    313
    724    106    506    313    725    105    507    312
    725    105    507    312    726    104    508    311
    726    104    508    311    727    103    509    310
    727    103    509    310    728    102    510    309
    728    102    510    309    197    123    450    511
    448    446    456    457    748    710    327    308
    748    710    327    308    749    711    326    307
    749    711    326    307    750    712    325    306
    750    712    325    306    751    713    324    305
    751    713    324    305    752    714    323    304
    752    714    323    304    753    715    322    303
    753    715    322    303    754    716    321    302
    754    716    321    302    755    717    320    301
    755    717    320    301    756    718    319    300
    756    718    319    300    757    719    318    299
    757    719    318    299    758    720    317    298
    758    720    317    298    759    721    316    297
    759    721    316    297    760    722    315    296
    760    722    315    296    761    723    314    295
    761    723    314    295    762    724    313    294
    762    724    313    294    763    725    312    293
    763    725    312    293    764    726    311    292
    764    726    311    292    765    727    310    291
    765    727    310    291    766    728    309    290
    766    728    309    290    195    197    511    512
    207    206    209    208    805    786    843    824
    805    786    843    824    806    787    844    825
    806    787    844    825    807    788    845    826
    807    788    845    826    808    789    846    827
    808    789    846    827    809    790    847    828
    809    790    847    828    810    791    848    829
    810    791    848    829    811    792    849    830
    811    792    849    830    812    793    850    831
    812    793    850    831    813    794    851    832
    813    794    851    832    814    795    852    833
    814    795    852    833    815    796    853    834
    815    796    853    834    816    797    854    835
    816    797    854    835    817    798    855    836
    817    798    855    836    818    799    856    837
    818    799    856    837    819    800    857    838
    819    800    857    838    820    801    858    839
    820    801    858    839    821    802    859    840
    821    802    859    840    822    803    860    841
    822    803    860    841    823    804    861    842
    823    804    861    842    192    193    190    191
    206    207    453    452    786    805    214    233
    786    805    214    233    787    806    215    234
    787    806    215    234    788    807    216    235
    788    807    216    235    789    808    217    236
    789    808    217    236    790    809    218    237
    790    809    218    237    791    810    219    238
    791    810    219    238    792    811    220    239
    792    811    220    239    793    812    221    240
    793    812    221    240    794    813    222    241
    794    813    222    241    795    814    223    242
    795    814    223    242    796    815    224    243
    796    815    224    243    797    816    225    244
    797    816    225    244    798    817    226    245
    798    817    226    245    799    818    227    246
    799    818    227    246    800    819    228    247
    800    819    228    247    801    820    229    248
    801    820    229    248    802    821    230    249
    802    821    230    249    803    822    231    250
    803    822    231    250    804    823    232    251
    804    823    232    251    193    192    472    471
    209    206    452    451    843    786    233    252
    843    786    233    252    844    787    234    253
    844    787    234    253    845    788    235    254
    845    788    235    254    846    789    236    255
    846    789    236    255    847    790    237    256
    847    790    237    256    848    791    238    257
    848    791    238    257    849    792    239    258
    849    792    239    258    850    793    240    259
    850    793    240    259    851    794    241    260
    851    794    241    260    852    795    242    261
    852    795    242    261    853    796    243    262
    853    796    243    262    854    797    244    263
    854    797    244    263    855    798    245    264
    855    798    245    264    856    799    246    265
    856    799    246    265    857    800    247    266
    857    800    247    266    858    801    248    267
    858    801    248    267    859    802    249    268
    859    802    249    268    860    803    250    269
    860    803    250    269    861    804    251    270
    861    804    251    270    190    193    471    470
    209    451    454     62    843    252    491     81
    843    252    491     81    844    253    490     80
    844    253    490     80    845    254    489     79
    845    254    489     79    846    255    488     78
    846    255    488     78    847    256    487     77
    847    256    487     77    848    257    486     76
    848    257    486     76    849    258    485     75
    849    258    485     75    850    259    484     74
    850    259    484     74    851    260    483     73
    851    260    483     73    852    261    482     72
    852    261    482     72    853    262    481     71
    853    262    481     71    854    263    480     70
    854    263    480     70    855    264    479     69
    855    264    479     69    856    265    478     68
    856    265    478     68    857    266    477     67
    857    266    477     67    858    267    476     66
    858    267    476     66    859    268    475     65
    859    268    475     65    860    269    474     64
    860    269    474     64    861    270    473     63
    861    270    473     63    190    470    468     82
    207    123    450    453    805    102    510    214
    805    102    510    214    806    103    509    215
    806    103    509    215    807    104    508    216
    807    104    508    216    808    105    507    217
    808    105    507    217    809    106    506    218
    809    106    506    218    810    107    505    219
    810    107    505    219    811    108    504    220
    811    108    504    220    812    109    503    221
    812    109    503    221    813    110    502    222
    813    110    502    222    814    111    501    223
    814    111    501    223    815    112    500    224
    815    112    500    224    816    113    499    225
    816    113    499    225    817    114    498    226
    817    114    498    226    818    115    497    227
    818    115    497    227    819    116    496    228
    819    116    496    228    820    117    495    229
    820    117    495    229    821    118    494    230
    821    118    494    230    822    119    493    231
    822    119    493    231    823    120    492    232
    823    120    492    232    192    122    459    472
    208    209     62    124    824    843     81    101
    824    843     81    101    825    844     80    100
    825    844     80    100    826    845     79     99
    826    845     79     99    827    846     78     98
    827    846     78     98    828    847     77     97
    828    847     77     97    829    848     76     96
    829    848     76     96    830    849     75     95
    830    849     75     95    831    850     74     94
    831    850     74     94    832    851     73     93
    832    851     73     93    833    852     72     92
    833    852     72     92    834    853     71     91
    834    853     71     91    835    854     70     90
    835    854     70     90    836    855     69     89
    836    855     69     89    837    856     68     88
    837    856     68     88    838    857     67     87
    838    857     67     87    839    858     66     86
    839    858     66     86    840    859     65     85
    840    859     65     85    841    860     64     84
    841    860     64     84    842    861     63     83
    842    861     63     83    191    190     82    121
    207    208    124    123    805    824    101    102
    805    824    101    102    806    825    100    103
    806    825    100    103    807    826     99    104
    807    826     99    104    808    827     98    105
    808    827     98    105    809    828     97    106
    809    828     97    106    810    829     96    107
    810    829     96    107    811    830     95    108
    811    830     95    108    812    831     94    109
    812    831     94    109    813    832     93    110
    813    832     93    110    814    833     92    111
    814    833     92    111    815    834     91    112
    815    834     91    112    816    835     90    113
    816    835     90    113    817    836     89    114
    817    836     89    114    818    837     88    115
    818    837     88    115    819    838     87    116
    819    838     87    116    820    839     86    117
    820    839     86    117    821    840     85    118
    821    840     85    118    822    841     84    119
    822    841     84    119    823    842     83    120
    823    842     83    120    192    191    121    122

